Modified kernel 1 and three before hand


Kernel       Floating Pt ops
No  Passes E No    Total      Secs.  MFLOPS Span     Checksums          OK
------------ -- ------------- ----- ------- ---- ---------------------- --
 1  40 x  59  5  4.767200e+08  0.89  533.42  101  5.253344778938003e+02 14
 2  40 x 483  4  2.998464e+09  0.67 4506.65  101  1.539721811668517e+03 13
 3  53 x  46  2  1.969904e+08  1.02  192.94  101  1.009741436579204e+00 13
 4  70 x 542  2  1.821120e+09  0.62 2954.60  101  5.999250595474085e-01 13
 5  55 x 228  2  1.003200e+09  1.01  991.59  101  4.589031939602207e+01 13
 6   7 x 504  2  1.354752e+09  0.87 1552.71   32  8.631675645346178e+01 12
 7  22 x1984 16  2.821407e+10  1.0726386.95  101  6.345586315784155e+02 14
 8   6 x 526 36  8.998387e+09  0.97 9247.99  100  1.501268005627156e+05 12
 9  21 x 111 17  1.600931e+09  0.95 1679.50  101  1.189443609975093e+05 13
10  19 x 371  9  2.563016e+09  0.86 2964.62  101  7.310369784326026e+04 13
11  64 x 328  1  8.396800e+08  0.80 1047.78  101  3.433560407476189e+04 13
12  68 x1235  1  3.359200e+09  0.93 3614.30  100  7.127569149598112e-06  9
13  41 x 292  7  1.072691e+09  0.98 1090.16   32  9.816387817138161e+10  9
14  10 x 385 11  1.710940e+09  1.02 1675.69  101  3.039983465147589e+07 12
15   1 x 960 33  6.336000e+09  1.30 4880.27  101  3.943816690352321e+04 13
16  27 x 896 10  2.709504e+09  1.18 2302.04   40  6.480410000000000e+05 16
17  20 x 407  9  2.959704e+09  0.88 3368.80  101  1.114641772903101e+03 12
18   1 x1437 44  1.251914e+10  1.0811546.03  100  1.015727037502806e+05 12
19  23 x 230  6  1.282296e+09  1.01 1275.90  101  5.421816960150430e+02 12
20   8 x 134 26  1.114880e+09  0.91 1224.91  100  3.126205178810911e+04 12
21   1 x 493  2  1.232500e+10  1.0212129.80   50  7.824524877235301e+07 12
22   7 x 286 17  1.374974e+09  1.01 1363.85  101  2.938604376567126e+02 13
23   5 x 221 11  2.406690e+09  1.03 2332.15  100  3.549900501566211e+04 12
24  31 x 956  1  1.185440e+09  1.05 1128.76  101  5.000000000000000e+01 16